4719441133613659837961121562497308986596310727986036400293800000
147473245186974874542903235596618667033917000976477050823353900000
2249067633351263453540910652855508925903759448683046380819276600000
22309847738249215069641778303052087052084850992352039588913336674800
161860302582557633629719312146381467507168242531335609810975158305600
915687449361765810553961282666551436722426250060758751314937501565600
4205551859287195612441202130755112126432521631948109720378641702628800
16120203766741754516601899948029084202113018985084380247680835605203960
52614376610278927442652340143628676084588238809040257804909225767041600
148461738522876136988193870780393920643560276878055726832170538047637600
366468358625951590009197312051085260585254543002922574056251656123153600
798849997873938774589209736222935515856373095693548962462714625008414800
1549616000427247591682445542281909042779844037459906100733761114147497280
2691825932132845568525260285835631877957149110017091482052071939975936800
4209266017449516166448664832241427593653243550517987820887358933672536000
5951215018552598350899032462414600167779744223885426207431923754999853500
7635669830352888834047657565817928322114765528349682424624262945535208000
8918330829486315866075373900500990383520318569979149241221574665857055200
9507302134603360656634657758923567542315034557225609952096964156764664000
9271088880435382466282505008725677259702167157153359144854977242067182000
8285340960871716605352990668154586011779842816595748371064976334897352000
6796190922585926858561842613784252259568416345520011470655880629183716000
5123226424624714908872687172492242123771605566180600668598328844348068800
3552887127879188052342912938696201152672468414205767696740443444806737000
2268378702589721162624737863595670083111830320692319737942512269077185600
1334102541479305773347829110642296353170063051878828780268771794724949600
723033097314192240839201467876465527224960152144962716560365448781828800
361156361308666310395441379523090133031514011249916649692890941016819472
166262166819863106889179902654929726219255086026637443408261862385293120
70529016042438094404022418165774682170846619776696216486673380081029920
27558578708369903855149566686119598260155342301675907587243891133392320
9913388280297820801307884894864654707074590859149153082933613664276110
3280559614003413452456522850013787713178434431006678525217942890933312
997790168493240143078825637753625153965516514464798560190437356193760
278624287064817500070118845773052414757151282210921530902938678005440
71338588183062444665282847450376761507288584152207255436046028611440
16722557321541277705951264603526656724444440587793442804690011993920
3582645814703837630348182798416187662569150119743172567775341793952
700123266359398016153181900514905307891136944450627386499921713600
124522590867588121063391200504567099592496960613663617387219807000
20106411115510205919502840410687921150228947241069128215775592000
2939047583082187704439742312575829410767246429628263563247996000
387689910544200986028297240824638580259213265553658232010078400
45985039057912234073113309121468796247017174425992710737538000
4884905126971810269497400658871462243827618666233801480264000
462629353587785858139306102733693236404755465561788330804000
38861488381800354363931590187717078462264451743455196632000
2878624514915563991822982807614433217047947880571616798100
186785940837431489353821400029700713429356041936800744000
10536252471888598525774904594657258931262238328991173600
512137083758234541210696257638316780266287247227537600
21231906221219515574299403770521141666736284283402800
741741748342949376678836380510258799874230792160576
21524674020877061951280055440663978179393185868960
509920196119461695401294730814093058818879130560
9653432342230048262714041640026623115855946760
142176475072837183284785575429535155742268480
1573571449124737852762730528320132960112736
12493195331850886331795161831861300505280
66638974042477600895291472919764677520
216205966350864169728245030805491520
360052060550351777059766979843360
213682142513684342870384074176
6157640021368865976621675
4719441133613659837961121562497308986596310727986036400293800000
149832965753781704461883796377867321527215156340470069023500800000
2322410969183616419159198843856943483671834923277286069864262400000
23422288761206499459360240073245227347325012479559189109937707724800
172833824326644733913827577959833734054857954990295629319298407808000
994848354660686761064958741427335639925523838480726061447668883968000
4650780149793538383011323515251834098121779474427656533161096886528000
18152867975463326911730148218916840057131762623917157613495379346944000
60358286018415561981502742827898493189963110724524549064872136328588800
173579384628123184783406580681538150350220710580332036526429673101824000
436890485038581236276879275105227378423860602053886566511437397552896000
971546673022858972979353912471764379991522177993957539514944702250496000
1923550740553878828686134614060476028201605691488036622775278447846528000
3412211748460793748278012706681192258722848357074430183010059159658188800
5451842079307659184278779700524461315628611096829446720974718582160640000
7880243713453548673441303991908513406070853797777076381349888216102400000
10342819873907782633891711489379923845467995609582412750521728283634400000
12365342679139352210948437265522579859764598884588194576140444625267200000
13501954986009737111146727963666574574147001408323069027078606706983680000
13495435451974966595883016361559540979470928496006157839716424859225600000
12370815830977052712892764998096245897848351121338978019740056120956800000
10416370072188955822337833278325810965166479893891119899131369016844800000
8066880081635186198602970369063642625682102353502299544524550790918400000
5752036232122480593786465828375814741790716460758161414356636216133120000
3779382780721501672199440688516160327138131007869945801099712898420800000
2289645490456521401410146591877751499159411406709559397947787231664640000
1279507774078644312552728977814037602471435786102400840029645805930240000
659694877284405538485198732235620414035511080036661379201203521502720000
313826277336724349022244539763516568391178842360297484677143960943436800
137729400712042034053649641275524512773558112634613316159248133329408000
55747614573921775688381997659140874217868759875914913683505196823808000
20801072015942877393536615022798823037063102288252920902192494458368000
7150368505480364104028211414087095418990441411586941560128669970064000
2262572745593786663858368651602678997013881301529265080589359046348800
658383183167153190672178612637825865839458576477539588531947407104000
175973385362649239903162947156653918058472799242844682649091933696000
43143233367895888526983186319807663485350215273306123886190413696000
9687046161606561249301838092597146894839549375295345903760009728000
1988393685803452045909324661112045941572328555981676264456001996800
372358368127987274514854805451693996549125197749377577613483520000
63470176385452376337759341838356931229964522343643905275025600000
9822129903215506514842488560351282881676595551917980294873600000
1375968364071718243773615507070251699371084537450303994796800000
173925412914126902496145106502450420002583052339819547358720000
19764251467514420738198307557096638636657165038615857654400000
2010820765101868776577070112904075684586271141813661555200000
182317259190042184938854183089393924742445580726477267200000
14654342346244525503359437884253885203884514762884697600000
1038015916192320556487960183467983535275153129037666080000
64356450500169706421366686652626207301998644011635200000
3465347334624522653458206204372180393184542369857280000
160604332798997484830505100380885365816039396820480000
6339644715749900716993622383456001282212081453440000
210524050938109910602052365941180419937608742604800
5795206607405427969525966029411873421705946368000
129905004898253678021752663174861421657169408000
2319732230325958536102726128122525386735168000
32099086952867229558130136687635636683264000
332059520202074788532380724354851413964800
2447011939587876112987330319490430464000
11995156566607235847977109409266816000
35219446733370890671819259337216000
51641417497611276644896274688000
25221693527526875040242380800
eof
