132318718535345816768737834591200
2017335383384121539783693494045200
14628569438074343076099349490916000
67136855336540613248428177351777800
218912956502461572787698468273107040
539698923669583462540046764561648560
1045290384654570200725047053206221600
1631459432114944011797819792092402500
2088496919606284362752641990889964000
2220444353724881585258634808230699600
1978085872800475228808063058086474400
1485645471077527171563779638657647000
944444414082791781833112682047420000
509296026991570456908768503901865200
233102527606128927516184092874885920
90472158815318958662666797541586930
29706788511156341570122869902200800
8220669540655496024258148792186000
1906845600022305555047888295242400
368087130289556679416417224283880
58583669637221654845766817690720
7597322000606652199645603786800
790848185475074349671040564000
64829593499268840691958952300
4082958127724480359740953568
191222384251040252118428112
6370485575495913413166240
141692475450520734724600
1909572046684479043680
13202441206671521904
32742594794360096
4512611027925
132318718535345816768737834591200
2083494742651794448168062411340800
15626210569888458361260468085056000
74288542053568080733861241715840000
251342900614572006482897201138592000
644119433439377752207017912070425600
1299344374351848224279674064004134400
2116726424382710139803980304768640000
2834901461226843937237473622458000000
3161344659792359299707243312316800000
2962297033064692232688639103763520000
2347480667711642901375902686001280000
1580035064805913491310703730962400000
905600791291473795924686904624000000
442450672316691483151775601973440000
184203953372663392985637189393024000
65238900152818285015746504576696000
19596165252410999253791190360960000
4970041911843369375961533787200000
1057950442053208451959063332480000
187545760182159680120015772576000
27415327069817361878008950144000
3263729413073495461667732160000
311490612064278463997980800000
23361795904820884799848560000
1341805713507661075683609600
57040323853564539654566400
1712922638245181371008000
33986560282642487520000
401811550139615616000
2363597353762444800
4620913692595200
eof
