2877684182514139798800
32358640222526018801400
169946639629753490103600
553747052691046248013980
1254086603096591162218320
2095922030309682401746920
2678743672913551094382960
2677306301672170269993606
2122094534441623487116800
1344938993051811554517120
684146098961064184273920
279322395696666893203360
91212955253165368406784
23655856357384852972800
4819238470991576037120
759202709373802059795
90498723369318023760
7921775552996272968
488263573653775920
19934210606310000
490371617106800
6169985423400
27885893520
7436429
2877684182514139798800
33797482313783088700800
185886152725806987854400
636143722661650580657280
1518070247260757067477600
2683100902135291561123200
3641351224326467118667200
3882416287957836021993600
3300053844764160618694560
2256447073343015807654400
1246983908952719262124800
557619340121363404684800
201362539488270118358400
58417264203190451919360
13499787946115440569600
2454506899293716467200
345165032713178878200
36677878238971569600
2852723863031122080
155320718495342400
5547168517690800
117400391908800
1231472642400
4283383104
eof
